a0: 37.119143363188755
a1: 8.026347040050844
a2: 7.467744055560199
b0: 0.5800871404491835
c0: 0.7868547017349913
c1: 0.2589863465046389
d0: 0.3684002572919136
e0: 0.2909096406977085
f0: 0.15963325103781847
g0: 30.420496261610833
g1: 4.514173785170094
h0: 3.8450174438030977
h1: 1.009015804778399
j0: 0.6445338509096699
k0: 0.559650076699858
m0: 0.6579084751725357
nz0: 0.02517853103395967
s_mode: -0.3761354072979891
t0: 1.8121592144268126
