random_state: 0
governor: true
points_schedule: "inv_size"
dirichlet_alpha: 1.0
local_k: 5
momentum_conserve: true
deflect_rival: true
dynamic_energy: true
use_radius_clip: true

num_points: 200
total_energy: 0.5630505318403488
energy_decay: 0.9148493030918105
radius_growth: 1.2422320465492187
anisotropy: 0.31882738997704796
deflect_strength: 0.07871566893208379
path_k: 36
path_steps: 4
path_step_size: 0.6373287624653545
path_gamma: 0.45278085221247627
step_weight_mode: "late"
step_gamma: 0.7032241907732697
seed_mode: "per_sample"
num_iters: 1
noise_scale: 0.01283066638965738
