a0: 91.85776238968347
a1: 14.959883697956185
a2: 6.4048239840840235
b0: 1.6432782682334124
c0: 0.5830168440271739
c1: 0.1766844440198351
d0: 0.45582306282831914
e0: 0.3131635503480083
f0: 0.4446404265234008
g0: 24.385913841451952
g1: 4.55896083209053
h0: 4.19829936598702
h1: 0.26595432538099295
j0: 0.4667624282534978
k0: 0.7268822070656892
m0: 0.5863084428966278
nz0: 0.02057257489525845
s_mode: -0.6418420646711582
t0: 1.1964086896292734
