a0: 116.32959460985049
a1: 6.503039254994891
a2: 3.776752646408817
b0: 0.7852036437570311
c0: 0.8285740517873608
c1: 0.28023493966056284
d0: 0.31328556558008863
e0: 0.2420336485882693
f0: 0.24832045942646458
g0: 36.48523022624545
g1: 4.53102475454055
h0: 2.945433855556561
h1: 0.0068722813212630796
j0: 0.528210974624745
k0: 0.4521294317662507
m0: 0.5611951073926474
nz0: 0.04382372860343454
s_mode: -0.9912281023376156
t0: 1.065869258024198
