anisotropy: 0.2360742230202279
deflect_strength: 0.13973203853273305
energy_decay: 0.5826728727483435
noise_scale: 0.01565857289473174
num_iters: 1
num_points: 151
path_gamma: 0.5596422477329386
path_k: 22
path_step_size: 0.6487188631067095
path_steps: 7
radius_growth: 1.1580625424549378
seed_mode: centroid
step_gamma: 0.6657040024722631
step_weight_mode: early
total_energy: 1.7251300433900785
