a0: 106.55715310596631
a1: 12.82732098146121
a2: 8.947990297918565
b0: 2.124529109921479
c0: 0.7584392619969373
c1: 0.24089930363090709
d0: 0.08156932750246296
e0: 0.19743539194356735
f0: 0.12083181398835635
g0: 16.609902629674956
g1: 3.672925397287474
h0: 3.834806321986292
h1: 2.584601375781557
j0: 0.6103339646884929
k0: 0.8371426988316727
m0: 0.737931127074279
nz0: 0.015440864512154035
s_mode: 0.22718801259228916
t0: 1.2711660145861872
